Date,Open,High,Low,Close,Adj Close,Volume,moving_avg
2022-07-22,155.38999938964844,156.27999877929688,153.41000366210938,154.08999633789062,153.87625122070312,66675400,
2022-07-25,154.00999450683594,155.0399932861328,152.27999877929688,152.9499969482422,152.7378387451172,53623900,
2022-07-26,152.25999450683594,153.08999633789062,150.8000030517578,151.60000610351562,151.3897247314453,55138700,
2022-07-27,152.5800018310547,157.3300018310547,152.16000366210938,156.7899932861328,156.572509765625,78620700,
2022-07-28,156.97999572753906,157.63999938964844,154.41000366210938,157.35000610351562,157.13174438476562,81378700,154.34161376953125
2022-07-29,161.24000549316406,163.6300048828125,159.5,162.50999450683594,162.28457641601562,101689200,156.02327880859374
2022-08-01,161.00999450683594,163.58999633789062,160.88999938964844,161.50999450683594,161.2859649658203,67829400,157.73290405273437
2022-08-02,160.10000610351562,162.41000366210938,159.6300048828125,160.00999450683594,159.7880401611328,59907000,159.41256713867188
2022-08-03,160.83999633789062,166.58999633789062,160.75,166.1300048828125,165.89956665039062,82507500,161.277978515625
2022-08-04,166.00999450683594,167.19000244140625,164.42999267578125,165.80999755859375,165.5800018310547,55474100,162.9676300048828
2022-08-05,163.2100067138672,165.85000610351562,163.0,165.35000610351562,165.35000610351562,56646600,163.58071594238282
2022-08-08,166.3699951171875,167.80999755859375,164.1999969482422,164.8699951171875,164.8699951171875,60276900,164.29752197265626
2022-08-09,164.02000427246094,165.82000732421875,163.25,164.9199981689453,164.9199981689453,63135500,165.32391357421875
2022-08-10,167.67999267578125,169.33999633789062,166.89999389648438,169.24000549316406,169.24000549316406,70170500,165.99200134277345
2022-08-11,170.05999755859375,170.99000549316406,168.19000244140625,168.49000549316406,168.49000549316406,57149200,166.57400207519532
2022-08-12,169.82000732421875,172.1699981689453,169.39999389648438,172.10000610351562,172.10000610351562,67946400,167.92400207519532
2022-08-15,171.52000427246094,173.38999938964844,171.35000610351562,173.19000244140625,173.19000244140625,54091700,169.58800354003907
2022-08-16,172.77999877929688,173.7100067138672,171.66000366210938,173.02999877929688,173.02999877929688,56377100,171.2100036621094
2022-08-17,172.77000427246094,176.14999389648438,172.57000732421875,174.5500030517578,174.5500030517578,79542000,172.27200317382812
2022-08-18,173.75,174.89999389648438,173.1199951171875,174.14999389648438,174.14999389648438,62290100,173.40400085449218
2022-08-19,173.02999877929688,173.74000549316406,171.30999755859375,171.52000427246094,171.52000427246094,70211500,173.28800048828126
2022-08-22,169.69000244140625,169.86000061035156,168.00999450683594,168.78500366210938,168.78500366210938,33156815,172.40700073242186
