Date,Open,High,Low,Close,Adj Close,Volume,moving_avg
2022-07-22,265.239990234375,265.3299865722656,259.07000732421875,260.3599853515625,259.8085021972656,21881300,
2022-07-25,261.0,261.5,256.80999755859375,258.8299865722656,258.2817687988281,21056000,
2022-07-26,259.8599853515625,259.8800048828125,249.57000732421875,251.89999389648438,251.36643981933594,39348000,
2022-07-27,261.1600036621094,270.04998779296875,258.8500061035156,268.739990234375,268.1707763671875,45994000,
2022-07-28,269.75,277.8399963378906,267.8699951171875,276.4100036621094,275.82452392578125,33459300,262.6904022216797
2022-07-29,277.70001220703125,282.0,276.6300048828125,280.739990234375,280.1453552246094,32129400,266.7577728271484
2022-08-01,277.82000732421875,281.2799987792969,275.8399963378906,278.010009765625,277.421142578125,21539600,270.5856475830078
2022-08-02,276.0,277.8900146484375,272.3800048828125,274.82000732421875,274.2379150390625,22754200,275.1599426269531
2022-08-03,276.760009765625,283.5,276.6099853515625,282.4700012207031,281.8717041015625,23518900,277.90012817382814
2022-08-04,281.79998779296875,283.79998779296875,280.1700134277344,283.6499938964844,283.0491943359375,18098700,279.3450622558594
2022-08-05,279.1499938964844,283.6499938964844,278.67999267578125,282.9100036621094,282.3107604980469,16767900,279.77814331054685
2022-08-08,284.04998779296875,285.9200134277344,279.32000732421875,280.32000732421875,279.72625732421875,18739200,280.2391662597656
2022-08-09,279.6400146484375,283.0799865722656,277.6099853515625,282.29998779296875,281.7020568847656,23405200,281.73199462890625
2022-08-10,288.1700134277344,289.80999755859375,286.94000244140625,289.1600036621094,288.5475158691406,24687800,283.06715698242186
2022-08-11,290.8500061035156,291.2099914550781,286.510009765625,287.0199890136719,286.41204833984375,20065900,283.73972778320314
2022-08-12,288.4800109863281,291.9100036621094,286.94000244140625,291.9100036621094,291.2917175292969,22601900,285.5359191894531
2022-08-15,291.0,294.17999267578125,290.1099853515625,293.4700012207031,292.848388671875,18085700,288.16034545898435
2022-08-16,291.989990234375,294.0400085449219,290.4200134277344,292.7099914550781,292.0899963378906,18102900,290.23793334960936
2022-08-17,289.739990234375,293.3500061035156,289.4700012207031,291.32000732421875,291.32000732421875,18253400,290.792431640625
2022-08-18,290.19000244140625,291.9100036621094,289.0799865722656,290.1700134277344,290.1700134277344,17186200,291.5440246582031
2022-08-19,288.8999938964844,289.25,285.55999755859375,286.1499938964844,286.1499938964844,20557200,290.51567993164065
2022-08-22,282.0799865722656,282.43499755859375,278.4599914550781,279.05999755859375,279.05999755859375,6632806,287.75800170898435
